fovLength: .3

quad:
point: -0.000000, -0.597673, -3.022223 
point: 1.414214, -0.000000, -4.303936  
point: 0.000000, 0.597673, -5.585649 
point: -1.414214, 0.000000, -4.303936
material: diffuse
reflectance: .99, .99, .99

quad:
point: 4.359057, 4.487743, -1.932833 
point: 0.010365, 4.487743, 0.094996 
point: 0.867362, 0.139051, 1.932833 
point: 5.216055, 0.139051, -0.094996 
material: emission
strength: 10.5, 10.5, 10.5

sphere:
point: 0., .1, -4.
radius: .3
material: diffuse/specular
reflectance: .80, .99, .99
probability: .75